 PDEQ 2024 01 01 07 10 09.70   37.5000  137.2400  10.0 0.0 7.5 NEAR WEST COAST OF HONSHU, JAPAN
event name:    202401010710A
time shift:          29.4400
half duration:       14.2000
latitude:            37.4900
longitude:          137.1700
depth:               12.0000
Mrr:            2.260000E+27
Mtt:           -7.540000E+26
Mpp:           -1.510000E+27
Mrt:           -2.870000E+26
Mrp:           -6.060000E+26
Mtp:           -1.310000E+27
