 PDEQ2024  1  1  7 10  9.70  37.5000  137.2400  10.0 0.0 7.5 NEAR WEST COAST OF HONSH
event name:     202401010710A
time shift:     29.4400
half duration:  14.2000
latitude:       37.4900
longitude:     137.1700
depth:          12.0000
Mrr:       2.260000e+27
Mtt:      -7.540000e+26
Mpp:      -1.510000e+27
Mrt:      -2.870000e+26
Mrp:      -6.060000e+26
Mtp:      -1.310000e+27